1745331397635 39.91525423728813 0
1745331399117 50.0 1
1745331400515 50.61743341404359 2
1745331401920 50.0 3
1745331403368 50.0 4
1745331404756 50.13317191283293 5
1745331406171 62.42130750605327 6
1745331407573 50.0 7
1745331408967 61.00484261501211 8
1745331410356 50.0 9
1745331411750 65.56900726392251 10
1745331413163 65.19370460048425 11
1745331414563 65.70217917675545 12
1745331415966 65.8958837772397 13
1745331417361 65.98062953995158 14
1745331418763 66.10169491525424 15
1745331420174 66.2227602905569 16
1745331421653 66.38014527845037 17
1745331423144 66.56174334140435 18
1745331424574 66.69491525423729 19
1745331425993 66.70702179176754 20
1745331427429 66.84019370460048 21
1745331428859 66.98547215496367 22
1745331430370 66.98547215496367 23
1745331431810 67.17917675544794 24
1745331433223 67.28813559322035 25
1745331434638 67.37288135593221 26
1745331436051 67.53026634382566 27
1745331437467 67.61501210653753 28
1745331438893 67.76029055690073 29
1745331440322 67.80871670702179 30
1745331441758 67.84503631961259 31
1745331443199 67.97820823244552 32
1745331444617 68.02663438256658 33
1745331446044 68.11138014527846 34
1745331447466 68.15980629539952 35
1745331448890 68.25665859564165 36
1745331450307 68.42615012106538 37
1745331451730 68.58353510895884 38
1745331453174 68.6682808716707 39
1745331454603 68.71670702179176 40
1745331456051 68.78934624697337 41
1745331457478 68.8498789346247 42
1745331458907 68.9225181598063 43
1745331460353 68.99515738498789 44
1745331461774 69.05569007263922 45
1745331463205 68.93462469733656 46
1745331464632 68.91041162227603 47
1745331466171 69.38256658595641 48
1745331467606 57.2639225181598 49
1745331469037 66.38014527845037 50
1745331470495 68.07506053268764 51
1745331471932 68.22033898305084 52
1745331473363 68.12348668280872 53
1745331474791 68.18401937046005 54
1745331476226 68.17191283292978 55
1745331477656 68.18401937046005 56
1745331479090 68.43825665859565 57
1745331480522 68.36561743341404 58
1745331481959 68.53510895883778 59
1745331483389 68.5956416464891 60
1745331484842 68.61985472154963 61
1745331486273 68.57142857142857 62
1745331487706 68.72881355932203 63
1745331489146 68.72881355932203 64
1745331490579 68.78934624697337 65
1745331492015 69.05569007263922 66
1745331493444 67.57869249394673 67
1745331494875 69.09200968523002 68
1745331496316 57.97820823244552 69
1745331497754 68.60774818401937 70
1745331499207 68.19612590799031 71
1745331500746 68.5956416464891 72
1745331502182 68.29297820823244 73
1745331503628 68.31719128329297 74
1745331505063 68.34140435835351 75
1745331506501 68.42615012106538 76
1745331507935 68.51089588377724 77
1745331509368 68.43825665859565 78
1745331510795 68.74092009685229 79
1745331512225 68.76513317191282 80
1745331513677 68.55932203389831 81
1745331515108 68.98305084745763 82
1745331516545 67.57869249394673 83
1745331517981 69.0314769975787 84
1745331519414 60.55690072639225 85
1745331520849 68.97094430992736 86
1745331522283 68.03874092009686 87
1745331523725 68.8498789346247 88
1745331525159 68.19612590799031 89
1745331526599 68.75302663438256 90
1745331528061 68.40193704600485 91
1745331529498 68.69249394673123 92
1745331530928 68.43825665859565 93
1745331532362 68.87409200968523 94
1745331533800 68.46246973365618 95
1745331535236 69.0677966101695 96
1745331536783 67.7360774818402 97
1745331538218 69.0677966101695 98
1745331539655 65.33898305084746 99
