1745331397635 45.154632568359375 0
1745331399117 711.8911743164062 1
1745331400515 2.898247003555298 2
1745331401920 166.03929138183594 3
1745331403368 5.684876441955566 4
1745331404756 36.44721603393555 5
1745331406171 1.945196270942688 6
1745331407573 7.360706329345703 7
1745331408967 1.446791172027588 8
1745331410356 1.4826433658599854 9
1745331411750 1.0426005125045776 10
1745331413163 0.6185867190361023 11
1745331414563 0.6130918264389038 12
1745331415966 0.6091403365135193 13
1745331417361 0.606102466583252 14
1745331418763 0.6036670207977295 15
1745331420174 0.6016367673873901 16
1745331421653 0.5998848080635071 17
1745331423144 0.5983284711837769 18
1745331424574 0.5969132781028748 19
1745331425993 0.5956025719642639 20
1745331427429 0.594371497631073 21
1745331428859 0.5932033061981201 22
1745331430370 0.5920861959457397 23
1745331431810 0.5910119414329529 24
1745331433223 0.5899746417999268 25
1745331434638 0.5889699459075928 26
1745331436051 0.5879948139190674 27
1745331437467 0.5870469212532043 28
1745331438893 0.5861243009567261 29
1745331440322 0.585225522518158 30
1745331441758 0.5843494534492493 31
1745331443199 0.5834949016571045 32
1745331444617 0.5826610922813416 33
1745331446044 0.5818473100662231 34
1745331447466 0.5810526609420776 35
1745331448890 0.580276608467102 36
1745331450307 0.5795186758041382 37
1745331451730 0.578778088092804 38
1745331453174 0.5780544281005859 39
1745331454603 0.5773471593856812 40
1745331456051 0.5766558647155762 41
1745331457478 0.5759801864624023 42
1745331458907 0.5753207206726074 43
1745331460353 0.5746834874153137 44
1745331461774 0.5741129517555237 45
1745331463205 0.5739379525184631 46
1745331464632 0.5766953825950623 47
1745331466171 0.6026657819747925 48
1745331467606 0.7388938069343567 49
1745331469037 1.11418879032135 50
1745331470495 0.5964349508285522 51
1745331471932 0.5914369225502014 52
1745331473363 0.5887429118156433 53
1745331474791 0.5867576599121094 54
1745331476226 0.5851742625236511 55
1745331477656 0.5838496088981628 56
1745331479090 0.5827054977416992 57
1745331480522 0.5816866159439087 58
1745331481959 0.5807616710662842 59
1745331483389 0.5799084305763245 60
1745331484842 0.5791212916374207 61
1745331486273 0.5784127712249756 62
1745331487706 0.5778480172157288 63
1745331489146 0.5776894092559814 64
1745331490579 0.5787146091461182 65
1745331492015 0.584749162197113 66
1745331493444 0.6032829284667969 67
1745331494875 0.6784236431121826 68
1745331496316 0.6736708879470825 69
1745331497754 0.7424365282058716 70
1745331499207 0.5995821952819824 71
1745331500746 0.5911038517951965 72
1745331502182 0.5867959856987 73
1745331503628 0.5847825407981873 74
1745331505063 0.5832737684249878 75
1745331506501 0.582155168056488 76
1745331507935 0.5812352299690247 77
1745331509368 0.5806288123130798 78
1745331510795 0.5803244113922119 79
1745331512225 0.5810405611991882 80
1745331513677 0.583123505115509 81
1745331515108 0.591691792011261 82
1745331516545 0.60462486743927 83
1745331517981 0.6518569588661194 84
1745331519414 0.6363496780395508 85
1745331520849 0.6730373501777649 86
1745331522283 0.6045289039611816 87
1745331523725 0.5993481874465942 88
1745331525159 0.589816689491272 89
1745331526599 0.5879508256912231 90
1745331528061 0.5855518579483032 91
1745331529498 0.5854766368865967 92
1745331530928 0.5849941968917847 93
1745331532362 0.5874832272529602 94
1745331533800 0.5893808007240295 95
1745331535236 0.5997259616851807 96
1745331536783 0.6039634943008423 97
1745331538218 0.6301286220550537 98
1745331539655 0.615185558795929 99
