1745378906919 50.0 0
1745378908597 49.86682808716707 1
1745378910075 50.0 2
1745378911550 49.86682808716707 3
1745378913024 67.13075060532687 4
1745378914476 50.0 5
1745378915963 60.1089588377724 6
1745378917438 50.036319612590795 7
1745378918886 63.583535108958834 8
1745378920329 50.0 9
1745378921775 65.02421307506053 10
1745378923223 69.57627118644068 11
1745378924710 69.67312348668281 12
1745378926206 69.37046004842615 13
1745378927705 69.33414043583535 14
1745378929164 69.22518159806296 15
1745378930614 69.20096852300243 16
1745378932079 69.1041162227603 17
1745378933543 69.12832929782083 18
1745378935087 69.23728813559322 19
1745378936623 69.27360774818402 20
1745378938091 69.30992736077482 21
1745378939557 69.43099273607749 22
1745378941121 69.55205811138015 23
1745378942577 69.60048426150121 24
1745378944032 69.66101694915254 25
1745378945507 69.72154963680387 26
1745378947016 69.79418886198548 27
1745378948509 69.93946731234867 28
1745378949980 69.98789346246973 29
1745378951450 69.98789346246973 30
1745378952946 70.04842615012107 31
1745378954408 70.10895883777239 32
1745378955871 70.20581113801452 33
1745378957385 70.2179176755448 34
1745378958867 70.24213075060533 35
1745378960348 70.2905569007264 36
1745378961861 70.35108958837772 37
1745378963392 70.46004842615012 38
1745378964879 70.4721549636804 39
1745378966375 70.61743341404359 40
1745378967947 70.56900726392253 41
1745378969436 70.59322033898306 42
1745378970929 70.70217917675545 43
1745378972415 65.21791767554478 44
1745378973899 68.28087167070218 45
1745378975476 58.37772397094431 46
1745378976941 67.86924939467312 47
1745378978431 71.00484261501211 48
1745378979946 70.73849878934625 49
1745378981457 70.60532687651332 50
1745378982959 70.41162227602905 51
1745378984463 70.26634382566586 52
1745378985940 70.23002421307505 53
1745378987417 70.30266343825666 54
1745378988937 70.36319612590799 55
1745378990422 70.33898305084746 56
1745378991924 70.33898305084746 57
1745378993395 70.37530266343825 58
1745378994898 70.35108958837772 59
1745378996388 70.4358353510896 60
1745378997854 70.41162227602905 61
1745378999312 70.53268765133171 62
1745379000785 70.53268765133171 63
1745379002253 70.60532687651332 64
1745379003718 70.56900726392253 65
1745379005192 70.39951573849879 66
1745379006682 69.86682808716706 67
1745379008147 58.680387409200975 68
1745379009623 67.19128329297821 69
1745379011199 71.08958837772397 70
1745379012660 70.85956416464892 71
1745379014119 70.61743341404359 72
1745379015584 70.44794188861985 73
1745379017052 70.38740920096852 74
1745379018515 70.42372881355932 75
1745379019982 70.42372881355932 76
1745379021450 70.39951573849879 77
1745379022920 70.39951573849879 78
1745379024383 70.39951573849879 79
1745379025850 70.44794188861985 80
1745379027321 70.46004842615012 81
1745379028788 70.59322033898306 82
1745379030260 70.4721549636804 83
1745379031731 70.59322033898306 84
1745379033203 70.64164648910412 85
1745379034679 66.71912832929782 86
1745379036147 69.01937046004842 87
1745379037630 59.11622276029056 88
1745379039092 68.6319612590799 89
1745379040559 71.02905569007264 90
1745379042033 70.75060532687651 91
1745379043501 70.62953995157385 92
1745379045081 70.52058111380146 93
1745379046566 70.52058111380146 94
1745379048037 70.41162227602905 95
1745379049501 70.50847457627118 96
1745379050970 70.33898305084746 97
1745379052440 70.48426150121065 98
1745379053911 70.55690072639224 99
