1745378906919 68.22219848632812 0
1745378908597 650.3594360351562 1
1745378910075 5.658449649810791 2
1745378911550 173.69482421875 3
1745378913024 1.3069175481796265 4
1745378914476 31.782323837280273 5
1745378915963 6.896906852722168 6
1745378917438 6.580310821533203 7
1745378918886 2.7252488136291504 8
1745378920329 1.2325879335403442 9
1745378921775 1.433698058128357 10
1745378923223 0.6332388520240784 11
1745378924710 0.6177796721458435 12
1745378926206 0.6101382970809937 13
1745378927705 0.6044387221336365 14
1745378929164 0.6000749468803406 15
1745378930614 0.5966458916664124 16
1745378932079 0.5938706398010254 17
1745378933543 0.5915564894676208 18
1745378935087 0.5895718336105347 19
1745378936623 0.5878266096115112 20
1745378938091 0.5862586498260498 21
1745378939557 0.5848250985145569 22
1745378941121 0.5834951996803284 23
1745378942577 0.5822478532791138 24
1745378944032 0.5810675621032715 25
1745378945507 0.5799431800842285 26
1745378947016 0.5788664221763611 27
1745378948509 0.5778313875198364 28
1745378949980 0.5768334269523621 29
1745378951450 0.5758688449859619 30
1745378952946 0.5749350786209106 31
1745378954408 0.5740298628807068 32
1745378955871 0.5731513500213623 33
1745378957385 0.572297990322113 34
1745378958867 0.5714685916900635 35
1745378960348 0.5706619024276733 36
1745378961861 0.5698770880699158 37
1745378963392 0.5691132545471191 38
1745378964879 0.5683706998825073 39
1745378966375 0.5676554441452026 40
1745378967947 0.567021369934082 41
1745378969436 0.5669211149215698 42
1745378970929 0.5713765621185303 43
1745378972415 0.6139001846313477 44
1745378973899 0.8806452751159668 45
1745378975476 0.7387961745262146 46
1745378976941 0.8235940337181091 47
1745378978431 0.5965366363525391 48
1745378979946 0.5910302996635437 49
1745378981457 0.5869706273078918 50
1745378982959 0.5838801264762878 51
1745378984463 0.5814534425735474 52
1745378985940 0.5794860124588013 53
1745378987417 0.57784104347229 54
1745378988937 0.5764257311820984 55
1745378990422 0.5751772522926331 56
1745378991924 0.5740520358085632 57
1745378993395 0.5730200409889221 58
1745378994898 0.5720601677894592 59
1745378996388 0.5711578726768494 60
1745378997854 0.5703040361404419 61
1745378999312 0.569498598575592 62
1745379000785 0.5687713027000427 63
1745379002253 0.5682964324951172 64
1745379003718 0.5690872073173523 65
1745379005192 0.5766000747680664 66
1745379006682 0.6246303915977478 67
1745379008147 0.7322641611099243 68
1745379009623 0.9592910408973694 69
1745379011199 0.5929877758026123 70
1745379012660 0.5879594683647156 71
1745379014119 0.5843136310577393 72
1745379015584 0.5815263390541077 73
1745379017052 0.579323947429657 74
1745379018515 0.5775246024131775 75
1745379019982 0.576009213924408 76
1745379021450 0.57469642162323 77
1745379022920 0.5735320448875427 78
1745379024383 0.5724782943725586 79
1745379025850 0.5715128779411316 80
1745379027321 0.5706275105476379 81
1745379028788 0.5698542594909668 82
1745379030260 0.5693770051002502 83
1745379031731 0.5700362920761108 84
1745379033203 0.5764708518981934 85
1745379034679 0.6052151918411255 86
1745379036147 0.7364270091056824 87
1745379037630 0.6871795058250427 88
1745379039092 0.7592791318893433 89
1745379040559 0.5919221639633179 90
1745379042033 0.5855384469032288 91
1745379043501 0.5820313692092896 92
1745379045081 0.5795686841011047 93
1745379046566 0.5776416063308716 94
1745379048037 0.5760849714279175 95
1745379049501 0.5748173594474792 96
1745379050970 0.5738746523857117 97
1745379052440 0.5734056234359741 98
1745379053911 0.5743484497070312 99
