1745380754207 4.529799938201904 0
1745380755794 720.58984375 1
1745380757209 33.83249282836914 2
1745380758655 161.45745849609375 3
1745380760139 7.855539798736572 4
1745380761595 36.437278747558594 5
1745380763035 2.8169219493865967 6
1745380764499 7.696988582611084 7
1745380765966 1.3111947774887085 8
1745380767422 1.3681035041809082 9
1745380768864 1.1281155347824097 10
1745380770293 0.6346304416656494 11
1745380771769 0.6205370426177979 12
1745380773213 0.6103807091712952 13
1745380774655 0.6031604409217834 14
1745380776107 0.5979816317558289 15
1745380777557 0.5941380262374878 16
1745380779013 0.5911505818367004 17
1745380780481 0.5887145400047302 18
1745380781927 0.5866405963897705 19
1745380783366 0.5848111510276794 20
1745380784818 0.5831528902053833 21
1745380786265 0.5816196799278259 22
1745380787811 0.5801818370819092 23
1745380789252 0.5788198113441467 24
1745380790717 0.5775210857391357 25
1745380792163 0.5762766599655151 26
1745380793605 0.5750804543495178 27
1745380795048 0.5739281177520752 28
1745380796506 0.5728159546852112 29
1745380797952 0.5717415809631348 30
1745380799414 0.5707026720046997 31
1745380800868 0.5696972012519836 32
1745380802321 0.5687236189842224 33
1745380803775 0.5677810311317444 34
1745380805225 0.5668691992759705 35
1745380806673 0.5659953951835632 36
1745380808122 0.5652167797088623 37
1745380809565 0.564958930015564 38
1745380811023 0.5684971213340759 39
1745380812476 0.6018016934394836 40
1745380813941 0.7543391585350037 41
1745380815403 1.0973926782608032 42
1745380816866 0.5925136804580688 43
1745380818324 0.5865840911865234 44
1745380819776 0.5826256275177002 45
1745380821334 0.5797687768936157 46
1745380822796 0.5775772333145142 47
1745380824254 0.575799286365509 48
1745380825736 0.5742856860160828 49
1745380827199 0.5729475617408752 50
1745380828678 0.5717304348945618 51
1745380830139 0.5706006288528442 52
1745380831607 0.5695369839668274 53
1745380833077 0.5685259699821472 54
1745380834536 0.5675588250160217 55
1745380836006 0.5666313171386719 56
1745380837466 0.5657447576522827 57
1745380838927 0.5649240016937256 58
1745380840385 0.5643031001091003 59
1745380841850 0.5645951628684998 60
1745380843337 0.5701518654823303 61
1745380844795 0.6016238331794739 62
1745380846263 0.7585214972496033 63
1745380847727 0.7046470642089844 64
1745380849189 0.7768810391426086 65
1745380850653 0.5883764028549194 66
1745380852112 0.582532525062561 67
1745380853571 0.5791422128677368 68
1745380855131 0.5766918063163757 69
1745380856605 0.5747830867767334 70
1745380858087 0.5732055306434631 71
1745380859555 0.5718448758125305 72
1745380861056 0.5706299543380737 73
1745380862527 0.5695250630378723 74
1745380863991 0.5685166120529175 75
1745380865455 0.5676354765892029 76
1745380866923 0.5670438408851624 77
1745380868386 0.5673158764839172 78
1745380869851 0.5713012218475342 79
1745380871320 0.5870185494422913 80
1745380872823 0.6581746339797974 81
1745380874282 0.6818223595619202 82
1745380875751 0.7831870317459106 83
1745380877216 0.588038444519043 84
1745380878684 0.5810080170631409 85
1745380880141 0.5774320363998413 86
1745380881614 0.5751534104347229 87
1745380883076 0.5734071135520935 88
1745380884537 0.5720216035842896 89
1745380886018 0.5708997249603271 90
1745380887503 0.5701584219932556 91
1745380888971 0.5699942111968994 92
1745380890538 0.5718401074409485 93
1745380892014 0.5775903463363647 94
1745380893486 0.6020223498344421 95
1745380894975 0.6295238733291626 96
1745380896444 0.7230875492095947 97
1745380897910 0.6067066788673401 98
1745380899377 0.6070082187652588 99
