1745380754207 65.52058111380146 0
1745380755794 50.0 1
1745380757209 50.0 2
1745380758655 50.13317191283293 3
1745380760139 58.365617433414045 4
1745380761595 50.0 5
1745380763035 50.0 6
1745380764499 42.19128329297821 7
1745380765966 66.02905569007264 8
1745380767422 50.0 9
1745380768864 65.67796610169492 10
1745380770293 70.66585956416465 11
1745380771769 70.49636803874093 12
1745380773213 69.7820823244552 13
1745380774655 69.41888619854721 14
1745380776107 69.09200968523002 15
1745380777557 69.18886198547214 16
1745380779013 69.18886198547214 17
1745380780481 69.23728813559322 18
1745380781927 69.28571428571428 19
1745380783366 69.34624697336562 20
1745380784818 69.32203389830508 21
1745380786265 69.46731234866829 22
1745380787811 69.51573849878935 23
1745380789252 69.72154963680387 24
1745380790717 69.76997578692495 25
1745380792163 69.84261501210653 26
1745380793605 69.84261501210653 27
1745380795048 69.97578692493947 28
1745380796506 70.09685230024213 29
1745380797952 70.15738498789347 30
1745380799414 70.25423728813558 31
1745380800868 70.37530266343825 32
1745380802321 70.4721549636804 33
1745380803775 70.50847457627118 34
1745380805225 70.65375302663438 35
1745380806673 70.69007263922518 36
1745380808122 70.79903147699757 37
1745380809565 70.78692493946731 38
1745380811023 70.62953995157385 39
1745380812476 70.72639225181598 40
1745380813941 59.1041162227603 41
1745380815403 67.36077481840194 42
1745380816866 71.13801452784504 43
1745380818324 70.85956416464892 44
1745380819776 70.54479418886199 45
1745380821334 70.52058111380146 46
1745380822796 70.42372881355932 47
1745380824254 70.37530266343825 48
1745380825736 70.38740920096852 49
1745380827199 70.46004842615012 50
1745380828678 70.41162227602905 51
1745380830139 70.41162227602905 52
1745380831607 70.44794188861985 53
1745380833077 70.54479418886199 54
1745380834536 70.56900726392253 55
1745380836006 70.76271186440678 56
1745380837466 70.75060532687651 57
1745380838927 70.8232445520581 58
1745380840385 70.85956416464892 59
1745380841850 70.83535108958839 60
1745380843337 70.85956416464892 61
1745380844795 66.58595641646488 62
1745380846263 69.66101694915254 63
1745380847727 59.40677966101695 64
1745380849189 68.9588377723971 65
1745380850653 71.17433414043583 66
1745380852112 70.94430992736078 67
1745380853571 70.75060532687651 68
1745380855131 70.62953995157385 69
1745380856605 70.49636803874093 70
1745380858087 70.52058111380146 71
1745380859555 70.48426150121065 72
1745380861056 70.55690072639224 73
1745380862527 70.60532687651332 74
1745380863991 70.64164648910412 75
1745380865455 70.72639225181598 76
1745380866923 70.76271186440678 77
1745380868386 70.71428571428572 78
1745380869851 70.8232445520581 79
1745380871320 69.57627118644068 80
1745380872823 70.2905569007264 81
1745380874282 59.95157384987893 82
1745380875751 69.0677966101695 83
1745380877216 71.02905569007264 84
1745380878684 70.87167070217917 85
1745380880141 70.66585956416465 86
1745380881614 70.69007263922518 87
1745380883076 70.56900726392253 88
1745380884537 70.64164648910412 89
1745380886018 70.62953995157385 90
1745380887503 70.72639225181598 91
1745380888971 70.59322033898306 92
1745380890538 70.75060532687651 93
1745380892014 70.59322033898306 94
1745380893486 70.64164648910412 95
1745380894975 62.60290556900726 96
1745380896444 69.75786924939467 97
1745380897910 66.92493946731236 98
1745380899377 70.6779661016949 99
